0
0
0
0
0
0
0
0
0
0
0
0
0
0
0
0
0
0
0
0
0
1755.3
45457
0
18184
5.6757e+07
0
0
0
0
4752.4
4.0961e+05
0
26595
1.035e+05
0
0
0
0
8171.8
7.6937e+05
0
6094.3
4.6353e+05
0
0
0
0
45.432
1.557e+06
0
928.58
6.1709e+05
0
0
0
0
48.019
2.5827e+06
0
376.79
3.8167e+05
0
0
0
0
19891
2.2832e+06
0
2956.9
8.3288e+05
0
0
0
0
4315.9
7.5457e+05
0
8975.3
1.0565e+05
0
0
0
0
86291
9.4535e+05
0
99819
1.2528e+05
2.084e+05
0
0
1.8752e+06
0
0
0
0
6.4547e+07
0
0
0
1.2414e+06
0
0
0
0
0
1.0341e+06
0
0
0
0
5.2129e+06
0
0
0
1.5866e+06
0
0
0
